68.97223195490304 193.61060664970634 291.58958130661625 311.88548414766586 282.39096959499017 
322.5891519087488 312.04684767020217 532.3931479616754 532.8734034481078 276.4435610291923 
536.5314869545139 125.25069647856076 342.5945542145055 602.9258736828833 289.24437861213823 
435.972809217942 485.43873008833043 399.30262264076833 540.7317664492864 442.35185596891694 
214.51321042451693 363.14422381472747 220.76879870153655 451.84758850832145 287.55013424940796 
447.8385361375273 102.17814887880748 245.4980314714378 373.79028120485094 243.92237107157175 
514.1774463200334 464.4449286003253 575.942640386715 157.32450131419472 293.8493102180566 
585.1678359672521 150.81322667980785 405.6140960116673 334.32759535580436 179.52039274198842 
462.19729485999454 403.3483332153392 238.29379083576117 105.66253476500852 149.62835295096775 
57.612763734569256 135.3771845141503 425.9826151191543 46.57787029661542 444.8483961669312 
72.05257795964636 398.1028169821964 131.6994528753503 290.05910855279 332.6293479323128 
35.06199729643119 346.71123379584935 419.49317315045175 199.92548274039373 480.7693957115829 
464.51005033489264 307.89272776674886 614.2205727549382 596.8231640528651 341.11153543636095 
391.40472532940674 139.08120909629855 506.78734299545084 235.00942234082993 567.2473963017295 
192.6527742428305 194.02114731989064 427.5481679130794 451.22576903699775 253.01125291942273 
599.1541551372881 127.9024392061154 514.1900368039535 496.16892631677666 413.3013473953917 
596.2573587226507 368.53058927201795 75.32748412174956 513.111579643368 168.78308420507926 
225.80344801378354 399.9726275160552 533.7432759042207 217.99766758872272 296.5797047663558 
123.40352328004752 425.86119932387226 432.11178236043 253.61293893755217 497.29128497689476 
192.74791510228616 346.9491343172047 429.4182175688789 301.8598190021286 153.62375120181377 
214.0363729547083 569.356453075618 510.28312653725453 29.269001978246937 438.45612625533437 
511.3179499637126 595.8925645953001 96.04219364080562 170.05698057604994 113.0986878560146 
340.7879202685218 604.3879555208648 581.6141401644084 98.56336425256367 154.4461992271532 
607.9285529841137 517.5345298884015 243.68876670920378 260.9214416672619 499.2325499700289 
546.7001070009926 473.5811983458638 463.2298914396928 98.35449159046519 403.04303376629105 
391.56186164493846 543.5137376808511 490.2394011066767 147.44662428970497 111.41383057377823 
307.5775713930166 557.0856285590505 534.5656413831094 613.8843595295331 232.39106686758913 
301.7601448822063 618.1598433963236 198.53641395021472 225.1517755890984 408.35961761406793 
378.53443284185545 552.0429162803658 152.50167215348142 236.01141120539188 105.68116816340863 
104.01779330087771 548.4913174867187 192.00796873776517 421.71398270008854 491.4772335747241 
