171.7316934968928 375.2216197008067 317.68598125095957 76.20193500160559 150.19819193650702 
158.2633619231453 213.71202974242385 45.49709210009389 23.054044146782573 178.21975453503845 
130.12981287625342 490.9208975043564 412.4185454436793 173.35687265756016 169.95125771013986 
372.0328984588994 324.9773462367631 392.1471956910761 241.66860315069837 128.52803125015637 
421.97962759018685 388.17669514065824 88.17789721338502 466.73613927345565 432.5762227137207 
306.53753667876254 100.64515074909718 294.8335730315237 274.95201837843774 257.409505525374 
44.26823296893566 464.9702167693397 74.70565173934162 497.53321393440484 447.88761831299485 
105.51477422274046 394.929624217995 265.27836750461415 34.39917057749802 451.6216470097233 
117.44398576317715 240.0100708727385 193.92204031853103 207.32256224209976 39.636752120821065 
221.4563936277471 126.67480556733706 97.34576507109738 376.36404824377735 249.78020308094273 
407.51298775478017 391.86636860352684 481.3633081107185 12.05858531366082 349.08112130871444 
312.39055396753207 227.6324011501492 505.8727605544496 165.53234118380306 351.97701552415504 
111.22809376993553 55.71177332929055 63.768849326748246 167.99866810398765 267.9366901112834 
402.89301617364316 14.156168457122133 330.6477542201141 217.27022699996854 214.70269226123105 
77.66442123217986 335.38750597235463 273.2411379942641 483.45945827757737 291.38977041855344 
412.5534362640802 186.36869817243118 411.20417035398043 239.40905324824013 292.30744012364187 
206.37018318567218 500.7190824233588 60.920831263461864 208.1477919275539 379.9900653952817 
198.57946079184816 272.62595960832505 47.17817833928111 23.420206696927227 60.940774297774105 
407.3006996314704 180.33887138722258 433.7642628173761 37.76466599575378 95.51569854977126 
130.80323737509502 28.99940397292249 96.18676515471097 342.45375200385024 363.74257056430923 
230.8884958943147 28.729355517753564 376.7796248266992 105.66255535496221 30.295790228082645 
417.06233486701717 73.51495388959117 226.51428257510213 299.35934655016206 347.01520244465195 
77.87145991779487 342.7831869348245 39.97327597990818 95.5435428006695 381.9954884149911 
424.7587157708579 383.03291314639654 135.3528581028247 231.57705816012634 316.18819672103484 
277.89599531923227 427.8830945446715 364.2765454490228 199.5177777842409 436.5131379949912 
100.35683782154568 206.92217136860907 164.9236280084671 221.68055536635245 227.59437057371218 
283.43123028628435 166.3366410662964 293.86822928336943 64.29868225042911 210.40846898615132 
272.66356546483854 456.0766427720029 198.51358331597268 282.3745285575979 247.4078818805412 
261.1752183894274 221.95805522956888 273.57760142293176 114.8934146958253 71.17557375594379 
137.93995459266262 208.3415397098046 496.2938156887496 382.89265631191466 352.5521321149549 
